 2.50  1500.  0.0  2.0   1.2909  -0.3807   0.1244   0.0398 PD TESS
 3.00  1500.  0.0  2.0   1.1961  -0.3121   0.0957   0.0420 PD TESS
 3.50  1500.  0.0  2.0   1.2359  -0.3686   0.0741   0.0491 PD TESS
 4.00  1500.  0.0  2.0   1.3397  -0.4763   0.0548   0.0644 PD TESS
 4.50  1500.  0.0  2.0   1.7520  -0.8927   0.0402   0.2081 PD TESS
 5.00  1500.  0.0  2.0   1.6036  -0.7305   0.0312   0.1014 PD TESS
 5.50  1500.  0.0  2.0   1.3357  -0.4894   0.0234   0.1650 PD TESS
 2.50  1600.  0.0  2.0   1.1639  -0.2535   0.1268   0.0062 PD TESS
 3.00  1600.  0.0  2.0   1.0994  -0.1913   0.0976   0.0304 PD TESS
 3.50  1600.  0.0  2.0   1.1372  -0.2481   0.0745   0.0479 PD TESS
 4.00  1600.  0.0  2.0   1.1440  -0.2617   0.0565   0.0653 PD TESS
 4.50  1600.  0.0  2.0   1.2048  -0.3369   0.0425   0.0522 PD TESS
 5.00  1600.  0.0  2.0   1.2093  -0.3490   0.0322   0.0573 PD TESS
 5.50  1600.  0.0  2.0   1.2612  -0.4052   0.0242   0.0806 PD TESS
 2.50  1700.  0.0  2.0   1.0287  -0.1149   0.1287   0.0346 PD TESS
 3.00  1700.  0.0  2.0   1.0527  -0.1511   0.0993   0.0125 PD TESS
 3.50  1700.  0.0  2.0   1.0691  -0.1824   0.0759   0.0199 PD TESS
 4.00  1700.  0.0  2.0   1.0686  -0.1923   0.0575   0.0349 PD TESS
 4.50  1700.  0.0  2.0   1.0225  -0.1490   0.0435   0.0468 PD TESS
 5.00  1700.  0.0  2.0   1.0417  -0.1690   0.0328   0.0577 PD TESS
 5.50  1700.  0.0  2.0   1.1278  -0.2592   0.0248   0.0600 PD TESS
 2.50  1800.  0.0  2.0   1.0425  -0.1204   0.1304   0.0318 PD TESS
 3.00  1800.  0.0  2.0   0.9929  -0.0864   0.1041   0.0430 PD TESS
 3.50  1800.  0.0  2.0   0.9900  -0.1134   0.0771   0.0216 PD TESS
 4.00  1800.  0.0  2.0   0.9915  -0.1253   0.0585   0.0122 PD TESS
 4.50  1800.  0.0  2.0   1.0115  -0.1483   0.0442   0.0141 PD TESS
 5.00  1800.  0.0  2.0   0.9887  -0.1270   0.0334   0.0279 PD TESS
 5.50  1800.  0.0  2.0   0.9874  -0.1252   0.0253   0.0343 PD TESS
 2.50  1900.  0.0  2.0   0.9780  -0.0764   0.1299   0.0606 PD TESS
 3.00  1900.  0.0  2.0   0.9900  -0.0851   0.1004   0.0282 PD TESS
 3.50  1900.  0.0  2.0   1.0103  -0.1424   0.0781   0.0295 PD TESS
 4.00  1900.  0.0  2.0   1.0288  -0.1793   0.0590   0.0345 PD TESS
 4.50  1900.  0.0  2.0   0.9580  -0.1124   0.0446   0.0306 PD TESS
 5.00  1900.  0.0  2.0   0.9451  -0.0914   0.0339   0.0053 PD TESS
 5.50  1900.  0.0  2.0   0.9109  -0.0561   0.0257   0.0062 PD TESS
 2.50  2000.  0.0  2.0   0.9332  -0.0202   0.1310   0.0637 PD TESS
 3.00  2000.  0.0  2.0   0.9697  -0.0776   0.1014   0.0438 PD TESS
 3.50  2000.  0.0  2.0   0.9628  -0.0782   0.0779   0.0261 PD TESS
 4.00  2000.  0.0  2.0   0.9744  -0.1022   0.0593   0.0264 PD TESS
 4.50  2000.  0.0  2.0   0.9960  -0.1341   0.0448   0.0293 PD TESS
 5.00  2000.  0.0  2.0   0.9493  -0.0995   0.0340   0.0204 PD TESS
 5.50  2000.  0.0  2.0   0.8832  -0.0369   0.0258   0.0161 PD TESS
 2.50  2100.  0.0  2.0   0.8716   0.0343   0.1319   0.0690 PD TESS
 3.00  2100.  0.0  2.0   0.9285  -0.0295   0.1022   0.0539 PD TESS
 3.50  2100.  0.0  2.0   1.0004  -0.1157   0.0787   0.0463 PD TESS
 4.00  2100.  0.0  2.0   0.9688  -0.0878   0.0601   0.0348 PD TESS
 4.50  2100.  0.0  2.0   0.9622  -0.0981   0.0456   0.0348 PD TESS
 5.00  2100.  0.0  2.0   0.9336  -0.0786   0.0345   0.0320 PD TESS
 5.50  2100.  0.0  2.0   0.8816  -0.0304   0.0262   0.0196 PD TESS
 2.50  2200.  0.0  2.0   0.8011   0.1299   0.1403   0.0491 PD TESS
 3.00  2200.  0.0  2.0   0.7956   0.1191   0.1033   0.0353 PD TESS
 3.50  2200.  0.0  2.0   0.9227  -0.0296   0.0793   0.0590 PD TESS
 4.00  2200.  0.0  2.0   0.9513  -0.0571   0.0607   0.0507 PD TESS
 4.50  2200.  0.0  2.0   0.9207  -0.0354   0.0461   0.0442 PD TESS
 5.00  2200.  0.0  2.0   0.9250  -0.0650   0.0351   0.0382 PD TESS
 5.50  2200.  0.0  2.0   0.8888  -0.0396   0.0265   0.0308 PD TESS
 2.50  2300.  0.0  2.0   0.7691   0.1971   0.1399   0.0620 PD TESS
 3.00  2300.  0.0  2.0   0.7853   0.1448   0.1098   0.0628 PD TESS
 3.50  2300.  0.0  2.0   0.7913   0.1396   0.0834   0.0546 PD TESS
 4.00  2300.  0.0  2.0   0.8856   0.0199   0.0614   0.0641 PD TESS
 4.50  2300.  0.0  2.0   0.8577   0.0474   0.0469   0.0404 PD TESS
 5.00  2300.  0.0  2.0   0.8368   0.0435   0.0356   0.0336 PD TESS
 5.50  2300.  0.0  2.0   0.8103   0.0489   0.0270   0.0185 PD TESS
 2.50  2400.  0.0  2.0   0.6596   0.3839   0.1419   0.0661 PD TESS
 3.00  2400.  0.0  2.0   0.6636   0.3147   0.1101   0.0228 PD TESS
 3.50  2400.  0.0  2.0   0.6923   0.2670   0.0849   0.0128 PD TESS
 4.00  2400.  0.0  2.0   0.7226   0.2213   0.0655   0.0085 PD TESS
 4.50  2400.  0.0  2.0   0.7952   0.1341   0.0469   0.0376 PD TESS
 5.00  2400.  0.0  2.0   0.7579   0.1456   0.0360   0.0142 PD TESS
 5.50  2400.  0.0  2.0   0.7905   0.0898   0.0270   0.0274 PD TESS
 2.50  2500.  0.0  2.0   0.6267   0.4499   0.1446   0.1290 PD TESS
 3.00  2500.  0.0  2.0   0.5634   0.4498   0.1126   0.0989 PD TESS
 3.50  2500.  0.0  2.0   0.5788   0.4019   0.0868   0.0629 PD TESS
 4.00  2500.  0.0  2.0   0.6290   0.3323   0.0666   0.0281 PD TESS
 4.50  2500.  0.0  2.0   0.6633   0.2813   0.0503   0.0155 PD TESS
 5.00  2500.  0.0  2.0   0.7026   0.2239   0.0376   0.0137 PD TESS
 5.50  2500.  0.0  2.0   0.7247   0.1784   0.0275   0.0030 PD TESS
 2.50  2600.  0.0  2.0   0.6417   0.4167   0.1611   0.1059 PD TESS
 3.00  2600.  0.0  2.0   0.5376   0.4765   0.1228   0.1040 PD TESS
 3.50  2600.  0.0  2.0   0.4847   0.5000   0.0880   0.1108 PD TESS
 4.00  2600.  0.0  2.0   0.5116   0.4536   0.0674   0.0795 PD TESS
 4.50  2600.  0.0  2.0   0.5579   0.3922   0.0510   0.0538 PD TESS
 5.00  2600.  0.0  2.0   0.6138   0.3210   0.0391   0.0439 PD TESS
 5.50  2600.  0.0  2.0   0.6371   0.2804   0.0296   0.0436 PD TESS
 2.50  2700.  0.0  2.0   0.5965   0.4409   0.1672   0.1107 PD TESS
 3.00  2700.  0.0  2.0   0.5198   0.4857   0.1267   0.1051 PD TESS
 3.50  2700.  0.0  2.0   0.4263   0.5436   0.0965   0.1207 PD TESS
 4.00  2700.  0.0  2.0   0.4120   0.5392   0.0729   0.1128 PD TESS
 4.50  2700.  0.0  2.0   0.4499   0.4908   0.0551   0.0877 PD TESS
 5.00  2700.  0.0  2.0   0.4973   0.4324   0.0400   0.0759 PD TESS
 5.50  2700.  0.0  2.0   0.5611   0.3548   0.0301   0.0687 PD TESS
 2.50  2800.  0.0  2.0   0.5484   0.4829   0.1725   0.1471 PD TESS
 3.00  2800.  0.0  2.0   0.4946   0.4996   0.1305   0.1216 PD TESS
 3.50  2800.  0.0  2.0   0.3809   0.5686   0.1027   0.1416 PD TESS
 4.00  2800.  0.0  2.0   0.3408   0.5805   0.0773   0.1488 PD TESS
 4.50  2800.  0.0  2.0   0.3593   0.5555   0.0573   0.1335 PD TESS
 5.00  2800.  0.0  2.0   0.4040   0.5055   0.0425   0.1127 PD TESS
 5.50  2800.  0.0  2.0   0.4795   0.4256   0.0320   0.0886 PD TESS
 2.50  2900.  0.0  2.0   0.5255   0.4750   0.1821   0.1417 PD TESS
 3.00  2900.  0.0  2.0   0.4642   0.5069   0.1382   0.1368 PD TESS
 3.50  2900.  0.0  2.0   0.3619   0.5751   0.1071   0.1603 PD TESS
 4.00  2900.  0.0  2.0   0.3071   0.5924   0.0830   0.1699 PD TESS
 4.50  2900.  0.0  2.0   0.2908   0.5831   0.0626   0.1731 PD TESS
 5.00  2900.  0.0  2.0   0.3209   0.5542   0.0462   0.1537 PD TESS
 5.50  2900.  0.0  2.0   0.3956   0.4816   0.0344   0.1172 PD TESS
 2.50  3000.  0.0  2.0   0.4827   0.5158   0.1928   0.1944 PD TESS
 3.00  3000.  0.0  2.0   0.4278   0.5194   0.1520   0.1642 PD TESS
 3.50  3000.  0.0  2.0   0.3579   0.5531   0.1138   0.1610 PD TESS
 4.00  3000.  0.0  2.0   0.2870   0.5739   0.0833   0.1783 PD TESS
 4.50  3000.  0.0  2.0   0.2663   0.5794   0.0631   0.1861 PD TESS
 5.00  3000.  0.0  2.0   0.2603   0.5714   0.0467   0.1876 PD TESS
 5.50  3000.  0.0  2.0   0.3134   0.5295   0.0353   0.1539 PD TESS
